0.5423615147883882 0.5086965274155363
0.13363473646823465 0.958737456164524
0.0959010002512668 0.8918946036462339
0.8272006029431653 0.45570670703227534
0.5959566631880383 0.7394641978338864
0.1885814088401807 0.9403887226481823
0.10426898575687293 0.7605575691439361
0.582882426089476 0.9961321664893152
0.1508417704262469 0.41666307088264365
0.9975917492349495 0.22628298912273315
0.27650955512382014 0.2603280575743915
0.32280785493710396 0.006036998053311704
0.2813963656700502 0.09590432262272974
0.8483666078568317 0.14490551530906803
0.401462366367036 0.9086317245797768
0.7318152123821567 0.3713593123564468
0.4784939479274565 0.6057743307738598
0.2874107339651929 0.47426184323063036
0.2921526862036192 0.21205136833906657
0.06432076194858571 0.6249391117343568
0.8706522881971709 0.6963042456313377
0.5031034441528294 0.23249798442376257
0.15791050703743836 0.9409285612052383
0.33333600777984274 0.3304475856820046
0.41514458004223553 0.5605864786370932
0.6644799676002071 0.9976316493741347
0.015566229630768813 0.8750239188138447
0.22744514280459838 0.18704412010998073
0.3302733469860655 0.5311282671125793
0.34281964914990914 0.8644814422221558
0.0633631503798533 0.3800425709461338
0.5261536334710447 0.7655075592448498
0.8587950196661706 0.856571548933296
0.9160127969129671 0.38390851346274824
0.6342054867544312 0.7529069578249125
0.7589755433847423 0.26767144128628406
0.13720889402003567 0.8524814961484882
0.1494882327019651 0.09049269468049426
0.8182012608174783 0.05012088425782901
0.1870376223924971 0.3711603173308131
0.9953638317756803 0.15234347999031195
0.7063730518237722 0.9940454435132736
0.6847875944579445 0.20485236563863507
0.8252808037948275 0.9860971720301324
0.9149826246317055 0.5231241146080617
0.8876129400746421 0.8506784189295457
0.04367752974456607 0.1866831061371842
0.054612528119949766 0.19288537293227515
0.2681978791250126 0.505285182432607
0.4873125506220981 0.6803019276218512
0.44653909316970997 0.328510574692243
0.6831682638926393 0.7638486984033758
0.32784033831839665 0.09546651819023344
0.6702382626595895 0.5590376740852222
0.7759806509130316 0.8860121378842143
0.8058835074585237 0.39166039176118217
0.04393617790003945 0.9441317152762193
0.6424305967870106 0.9341881924971082
0.3325565187467121 0.12809271110860887
0.057215556024967085 0.2910904284131963
0.3978912396205977 0.16679499813514653
0.9151262641175946 0.6339873203129333
0.8268197966183728 0.2996731895522817
0.4653125624518185 0.6543439638406129
0.09184485289397826 0.7638291710373799
0.5641771121444171 0.1914112314694728
0.8022940000165696 0.964727561310443
0.3481435136469573 0.21820585656484048
0.8732917875595602 0.7838106663042931
0.1962363806114138 0.34868030513614245
0.5801230629980724 0.6617659686246704
0.6201723634605216 0.5591249090385675
0.06098114415746825 0.27210895982009775
0.6105998938874966 0.6490621559326074
0.6460740787715915 0.15680711712602613
0.054842928310626204 0.12788490064601332
0.538237507011411 0.42904515157324385
0.9047358692491329 0.1672230254079199
0.48982355487590823 0.746570811922597
0.6612654340899782 0.8994766440545354
0.7059465891508094 0.76162884799527
0.13367419754868304 0.7603936994270325
0.868767565222506 0.22539274111781626
0.21856719186278128 0.37794298578764873
0.15416169380854627 0.46924455397989917
0.7938761192466958 0.9788769800307124
0.42461028266593615 0.9561998010273235
0.35718455019934325 0.2374840636355402
0.6361560922643309 0.8234838464674765
0.046278904456144465 0.6384385918108599
0.6287895654698172 0.8033275791730781
0.3605927663118109 0.27619959308767683
0.6003309986405646 0.5728846817521325
0.4089353688107896 0.366779181054844
0.058454437922433766 0.5343024498154387
0.5036291150994995 0.6156218490807418
0.6053521182138926 0.46290157362018536
0.3514352471609806 0.32258843980820384
0.45514605929972585 0.17235405912432245
0.22521315156965416 0.41583297148199294
0.07533225520218945 0.6055706698152029
0.903590390064356 0.5611689015754023
0.5530578321065394 0.8244025843672438
0.1717753450834728 0.9037643912930335
0.5209467693395405 0.7020020018186249
0.871273550563191 0.3002771930538316
0.10685705143668756 0.16084150116411033
0.659811506774874 0.15266672471859732
0.9922575390832306 0.6879079035394874
0.3021779556891899 0.4303460902887375
0.5223974042742799 0.6187509033900305
0.5782241136115397 0.1408652518361242
0.14535003445122852 0.2907047488118518
0.09565793281618207 0.7756950431044387
0.9238557801647204 0.8569519142994663
0.024786764677743878 0.987182812582912
0.6972535718126981 0.05425251486652616
0.8391886841900387 0.31900359122223243
0.12285116730911205 0.5292413741522844
0.6199196379373557 0.059383400630528715
0.5532118958989961 0.608504559835475
0.8002980285003337 0.6760312334916138
0.5717380309913571 0.20381247279997794
0.6851437638180139 0.3534911499608274
0.9652949570435917 0.6088053014267856
0.48780141790537046 0.22352714528140538
0.2655398205666295 0.7293462558082119
0.18447093644993762 0.6072806718235807
0.9414693768154329 0.8236357103548486
0.7906573831164309 0.03399474786052825
0.8590267239601711 0.5859473024576761
0.5007868198982804 0.5231275042638788
0.10020370418004554 0.43868079625581535
0.5842572252238545 0.5263680842295035
0.7907912346325873 0.7871031633543235
0.5128053253222067 0.6323946410282383
0.030539469756183824 0.5379808119342467
0.7045082732737126 0.14050741626871466
0.7828321602188495 0.5659693359480131
0.15924756486961944 0.780167101556696
0.6596118911088855 0.15747637048200924
0.8596698305759876 0.2454128437964349
0.7107568733902117 0.6436718471981846
0.9740112898512453 0.6497517271840476
0.48994168019721995 0.20209575582600925
0.05220367809495785 0.8829875699665786
0.9418759811507098 0.16571134428065348
0.9196603247247588 0.197099923944706
0.059129235453425744 0.7931494975272659
0.47075472742663604 0.7430481455970939
0.5798821699667909 0.45338219018118464
0.01776566837355098 0.09311644261561702
0.6731441364135887 0.9777265622322853
0.05999610422267643 0.7830332620251871
0.09856452060247545 0.6870389460267383
0.6259298924564338 0.6853213995559175
0.8237111668871133 0.18199779977246167
0.38853124216275603 0.21544605093370828
0.5489203388722099 0.6786826151666444
0.6279603911147729 0.4480537929825098
0.6611521738372514 0.11488043520797597
0.39139717797036966 0.1581721978723013
0.9379470943603359 0.8157957692285723
0.1597933231628359 0.2792707389405653
0.7255714056282326 0.46131122009717396
0.17036758788829998 0.30128253951813744
0.45938882084582333 0.7611823594988449
0.5748701069257175 0.5367182771016162
0.979297855278413 0.9006462521934626
0.6698143011630092 0.5160936888582299
0.03507473739365752 0.7948693110372861
0.33274807796479633 0.4291784852072401
0.9987135341282505 0.26484352283666446
0.5313256218291471 0.8348261348890832
0.32914579823881884 0.14527472313126077
0.18688481019408343 0.37214803726834556
0.5519919252399754 0.3794147080321121
0.42842212402282165 0.2987198957215319
0.8459013771043217 0.5042035989255357
0.7406927319548748 0.7961451799575413
0.8377594938620463 0.7381313988154659
0.42824710057925963 0.7928213440186221
0.14345758657161267 0.27406248387584253
0.7316404957479676 0.9880494188285937
0.11127164065312045 0.26583616717315683
0.7030622716306087 0.006249859415855763
0.3702350001576794 0.08982495608736207
0.5970830277111648 0.8508770446477257
0.711196206475059 0.8059497055039514
0.7436359771742848 0.5801432518805654
0.40855760492052273 0.2811826988786714
0.5139835457246867 0.5291534540070552
0.6917377996879485 0.3241404951609991
0.44553913682906043 0.9358366387769171
0.15430042347320017 0.1863252851095597
0.27278672117665315 0.36176087937553525
0.9244564659244436 0.01347590829720735
0.07339473781682804 0.4669483660342688
0.9321853810727568 0.7606048298147423
0.31138579444404535 0.5613612988010399
0.9141158945458469 0.7195845779119123
0.9988364094023245 0.8278790777971471
0.8355997660319424 0.21105322774313062
0.956465505079905 0.7575735236426336
0.03439013949333458 0.6220468336907052
0.7221695406030458 0.2428924498072298
0.41190745697704767 0.5432797492932306
0.6869844155065594 0.729068252935676
0.45771546397685703 0.8745485589992669
0.9851537350056222 0.5987642631215366
0.7532214045371876 0.3196873178490732
0.49082510070089935 0.8408228435276185
0.08201951632964943 0.34278296521701723
0.5267574128244872 0.2265122490062491
0.447173305583226 0.8729107657604805
0.026858621263885385 0.14949829909701384
0.05096212793390831 0.14169967169139275
0.1454363047237599 0.8953894586041555
0.6262686629369585 0.6207205685746888
0.5065026893753554 0.036446091221570276
0.2845360952619903 0.6255068584939039
0.2382138017768718 0.46845517846194484
0.16818437975765643 0.5562489363097296
0.17010829016868778 0.6536410985993429
0.2194255231849659 0.006562042687752956
0.7339563626475825 0.19145812040797083
0.24124803161269215 0.9439527604618263
0.8220699448843325 0.0009179074038687673
0.6771817158891408 0.6977393857240268
0.9867558569574557 0.337234568611393
0.2193259306066494 0.12549526513895148
0.2818168447074372 0.8744320423264424
0.07532268629064964 0.6431535202871395
0.4647360805832952 0.7720243921055111
0.7450237409049525 0.8199222092377042
0.9839313543457465 0.8542228703357908
0.4644051275511514 0.43598638152461056
0.4434779481115517 0.6089290978880363
0.7920747427135576 0.9567839971942916
0.13001486236851245 0.6710837648097223
0.49991222289045967 0.4858240508793461
0.3933158255138204 0.052894156321148245
0.8060804376866383 0.326637734247063
0.8106721022894507 0.9768403615997843
0.8139346588642131 0.6194111218625338
0.6978967214210781 0.31976094530274235
0.9791589884233007 0.08718910294935578
0.8371031482245794 0.12713936324578556
0.6507351812955231 0.9440270980260042
0.9456503128283611 0.21086025375689954
0.6474000420949643 0.9785150930797711
0.5573699881143812 0.8899484297755668
0.05991018986616503 0.25069991157196003
0.6471115260562604 0.6878230020937787
0.42412468639028067 0.27242587550235764
0.35801160696490064 0.3251751111936204
0.3064250062026713 0.26925708588959585
0.0012968212416802904 0.01876869798029046
0.46091708423366506 0.02387618528126567
0.6184478080428227 0.5364526409424674
0.7283201387984736 0.9387007405494631
0.20648097429467138 0.5632484286686448
0.08294272546894765 0.39374525831401286
0.511233389248869 0.9316528350044958
0.5524656887288497 0.01510345517526368
0.3464914002271374 0.7723594926173438
0.1526658149882144 0.8895830446768402
0.02119967115433019 0.6187651499414037
0.8479842454011296 0.12534327764022002
0.7154154591063869 0.0839203860458112
0.6902547445992644 0.31102352536303146
0.2587565137068719 0.33680450637811743
0.2537076735797269 0.6161992061967588
0.8418067753169058 0.8559135843401312
0.347800705897084 0.6969824404621265
0.517586941340365 0.37317755182145806
0.7324942467529255 0.6407171999689171
0.8117964066530435 0.9517640197346707
0.5599756033505092 0.6092368253038802
0.7939635191710209 0.6708193785742714
0.8547792331075522 0.18266289146506232
0.06369233535703611 0.6588817791571738
0.3818435156367782 0.3258007496347567
0.15752513955826852 0.9266077599003724
0.1346105582347542 0.6289213742161229
0.7234765677922511 0.9338393938209656
0.6441189486317631 0.7278110337051106
0.1662871261061476 0.5657964632416521
0.35712372955248406 0.37747435211694846
0.6110679587109695 0.8039492901870117
0.8697294160096019 0.34160931030155817
0.7159628325727323 0.5798030506472719
0.010904326501426143 0.8721931097000878
0.9832098779300307 0.5966419224283904
0.5138226421663784 0.4859609215592725
0.805215486469543 0.40392789700103515
0.3743899494127927 0.42513834785174365
0.23328192291317695 0.21653808509981187
0.39005602781169846 0.2546304375268085
0.7731210960364889 0.4893427301445237
0.6841073764457659 0.5753853706046264
0.28685558803106237 0.6052035575983037
0.9583470234885713 0.5576694877372399
0.4560723716828188 0.030364454289820042
0.06571073115718529 0.021810309712283704
0.41536118512455455 0.01912834859492374
0.304222255061517 0.5502568288997721
0.4366506369192731 0.3115960789642489
0.5324556550829279 0.0066737871188303766
0.12354059084244329 0.2913053953996131
0.4536709558163172 0.7141618465286191
0.12057736980082212 0.36721581067879483
0.6433232417042065 0.5683354384282742
0.5415342051103126 0.9350593857098872
0.5168753982339612 0.581565721968119
0.5319468096747528 0.3433270422839516
0.6148307794346318 0.16828358149851197
0.9906053007307702 0.3526309501147079
0.07576309338043252 0.6316978483025442
0.0230910104344918 0.21433579654652546
0.038617851229538425 0.5209751374342575
0.4600100338992563 0.2869732089755135
0.6527180120504942 0.943976806234873
0.13668561289792425 0.7271266651933114
0.14188949633676384 0.46898736966834853
0.19998164915829986 0.2303113053774355
0.16224329959475714 0.40755654205103153
0.22936086198331795 0.852512042491249
0.8719347383137664 0.187009325298362
0.8811453790984592 0.4248605328265769
0.6665419023744837 0.25140878213460816
0.37032439411715146 0.7350790825878709
0.20951475101058048 0.821794718908179
0.3658024077744684 0.2847270980633504
0.6617253201264454 0.8985270201795033
0.17668442623296665 0.2524888938563348
0.8310460335398868 0.41250503233932456
0.11797872582131008 0.7000836036542815
0.47465714780798174 0.1706710606021119
0.14878452255272268 0.8265446372242867
0.46003891258232654 0.5707418571177482
0.23783276453154556 0.793750476571364
0.36604500559837205 0.7226146687168084
0.4686332661368625 0.4558719815563539
0.289911956575994 0.5488122262107975
0.03680549377502973 0.8448395914870088
0.520653136795547 0.5553596992449055
0.6731717384585559 0.8071613987678236
0.4277076781671413 0.19975950540741838
0.6546629990870911 0.8208556579333506
0.7558955363190246 0.40227793348032936
0.22621391212001873 0.03692347108405314
0.5208152858672702 0.2197733251568571
0.6544611158065132 0.307234045655437
0.08491418812935525 0.11979872336629593
0.44927650237435957 0.3322980407522792
0.018894814850765718 0.803703555174377
0.3364275328851202 0.30718221680737423
0.7582228240020613 0.358184515552027
0.4715220237874751 0.7407774111633483
0.8176866855322404 0.5523580061327019
0.6764464547219934 0.18867770108254778
0.6416749487243356 0.5064613145089356
0.6274093442076253 0.49953762403900415
0.8400340982055515 0.581621363689751
0.11644870370211302 0.9359528373903641
0.6946806282409403 0.26709182922512487
0.5319985298066408 0.2850874939363631
0.7623326301774499 0.019202671250651226
0.915485173347502 0.09421176499772665
0.0454428339189622 0.8492954022874946
0.7839678429085463 0.03443771510991889
0.06797284494432587 0.38221399667172673
0.06822196581277362 0.28562612897258555
0.5127127774393092 0.69681147099383
0.8282404822823278 0.5576977110097785
0.7489702117295141 0.4192067987154018
0.9931391501470505 0.3924574760493974
0.2060782247289893 0.29295528746317623
0.24017171202308663 0.32412821418795557
0.8904243806248485 0.33788113065198
0.324178319708471 0.7085239179317875
0.556939689051153 0.34471344289590344
0.0602026460874292 0.9800763982494267
0.9852163405623425 0.6263110260691447
0.6895154864038766 0.05598331699804382
0.19508590163127992 0.20721194871237103
0.4293644581630236 0.5007704118902915
0.849801631619685 0.04746393295935236
0.5477098092975116 0.6209430796217591
0.15885835022482164 0.5892465499269143
0.3885975184996695 0.7892300728910318
0.8554112953673497 0.9808380686616653
0.675550023753307 0.9049641690478298
0.9838733475710701 0.8411840540653678
0.9115220746601342 0.47804136997304636
0.09838074724482226 0.6018139038754573
0.19519005017329405 0.3519303849778853
0.8401375096678088 0.8223504397318107
0.09257280918677135 0.6272080686884469
0.18594820642232535 0.2682137049653256
0.29224547274257506 0.8414997934072151
0.5289023255926645 0.8354394181018134
0.09012548832425304 0.49911753406729775
0.27084406510336256 0.8663547451471781
0.5497152138669167 0.37490230524707024
0.8840617770636009 0.9260416626128495
0.9179538320617163 0.5122780667563288
0.6285539320505505 0.23880807456310216
0.04223730780474877 0.505339117846953
0.1459167577401106 0.7123383855189922
0.6606811525831464 0.06432365479152968
0.01085316249100754 0.668067495731909
0.6435438743320634 0.13714673972307345
0.9178618866379831 0.1920221807806788
0.9380730730728374 0.2334086311501693
0.29765456216197217 0.7633802527631022
0.7710786953191351 0.23558846497385755
0.9619309384850355 0.9844346902501424
0.7538103403149465 0.7057878583917312
0.6139921724075975 0.26978952868101624
0.9024798607201919 0.6216656927473605
0.30834352337066473 0.5311422350899642
0.4356628122427758 0.1981733674711712
0.9180219069803339 0.460035791758137
0.12417115779475585 0.08711430880846105
0.29808561751345497 0.5465037698112011
0.09760588849325813 0.9658648775135065
0.7716771937296646 0.1356322242104896
0.33606050685127464 0.5160766009220381
0.6815077465565166 0.7183891317186292
0.7155927873152339 0.010905463794739556
0.8487404572267537 0.03312332132824669
0.8316579645825996 0.45599173450943875
0.3981453978828803 0.032304007191720774
0.9265402959004055 0.07436464319162495
0.06983119357688095 0.2588577155840761
0.11067357409321543 0.8047887349122413
0.4425220129616573 0.8136648450995246
0.8576805323982085 0.7515521330365903
0.9822369644445665 0.6447017574878222
0.18734585479910537 0.067137326563382
0.6008351197167282 0.7285899670933429
0.37875864873473786 0.13413516374801915
0.8070852612442774 0.7915239246026259
0.824054434765091 0.20664019393468114
0.5117839235339217 0.14675484331297384
0.35141057797136654 0.6090546579960487
0.0320532506828366 0.5209727190590239
0.31380879179428534 0.12536466524550605
0.7114420521599499 0.2718630701377619
0.06881827989390288 0.34904420596303953
0.8973037159093059 0.5150956628792562
0.39374300209234225 0.6856146028109888
0.3713865944005421 0.754117681514481
0.8576652145897933 0.019524666681938085
0.10903671105866442 0.8120839206015716
0.6900810592341291 0.21419174273993324
0.7881652754065446 0.23237571744536978
0.9596733748243652 0.5955591888306384
0.3554738168027094 0.5233531855778316
0.807932485872008 0.4115875839403619
0.8536214038105657 0.011613662092767596
0.7773865842707156 0.36301623288191065
0.11796006610832444 0.628219238325541
0.371886001013605 0.2939524951157362
0.19057308756560132 0.8206695349140822
0.7239999145094413 0.8619871988760985
0.869950476207723 0.8092631862186205
0.8243612995725809 0.3378767965251832
0.036268962629652624 0.46433301649755754
0.6757765292524811 0.21339177469267834
0.8267934435121717 0.7931923817784268
0.6004736025080777 0.4905978184324864
0.6837415318000661 0.5457401126406013
0.4555953886463895 0.7350440309299726
0.391441821862634 0.29922927819085876
0.5480878951523278 0.6583953827389065
0.5615008577836178 0.028640556819200524
0.9780135023379394 0.9473395232831107
0.8093107285857711 0.6025682509215193
0.14759523749070336 0.07933343431829742
0.730941308822599 0.02152543853620026
0.114477976288483 0.25154190833030643
0.8560308489866312 0.5476176883278043
0.13057996295644192 0.326840033141401
0.7677931659417211 0.6052813945214027
0.4566084434632278 0.4832430692988623
0.39057162478756824 0.15470070833577632
0.09014168839004855 0.17902122377655405
0.6233447536010356 0.8318607617994561
0.13767761551360547 0.5847150838543084
0.32658152688097153 0.9646023972048804
0.3812000529869245 0.2895326610233916
0.24328764996600738 0.1053376076314454
0.9869421631095874 0.9266666183805
0.39410197966256066 0.7774641672403642
0.40636117000085026 0.9653331384436112
0.00672905729226092 0.3744993240508695
0.7449612855172727 0.948412059364297
0.12139042141031486 0.541821026231169
0.5876993450103813 0.37803866633210104
0.7758184617669655 0.8674842956513494
0.02100615628723934 0.6755596323952964
0.3186967803796439 0.15110412142596752
0.5000547718149493 0.5997880153440746
0.11090870594013713 0.5694394407102197
0.6762155056948814 0.6124422513106185
0.4372391104501083 0.9890666275846433
0.5956378314657629 0.569071610810298
0.2231045922219289 0.9608832501452216
0.5410031071812572 0.028449086820894642
0.41372022232145067 0.7982192611829956
0.33103021209814476 0.3799278592687614
0.011085966454331575 0.6593451268744253
0.43289037374014383 0.647568164973889
0.7985654868075677 0.5217137046486372
0.7803285636512277 0.8549508056054385
0.42845257810957427 0.7742076079708698
0.19415688659289754 0.6815665405383976
0.7473650054463483 0.19953532919105987
0.032560935336848784 0.06660082900139186
0.1489109116992382 0.15836242012424506
0.7427899152751481 0.5233634570377808
0.8344455428760719 0.9274762301832338
0.4010694310266282 0.34778851097386554
0.44368080234172314 0.17497248463582504
0.267745680071498 0.12195023384078219
0.3896298029454177 0.8349535926912574
0.6850510470735142 0.010641008925574735
0.517331643495384 0.9968710784423088
0.991872103349858 0.8830503059923935
0.6776180868155045 0.9315999191113903
0.48394872206113704 0.4915839320815353
0.47672509369647176 0.5333288377678624
0.7205563544009274 0.5855964489433778
0.1473707094247605 0.87747325573606
0.7564137336485934 0.5875197335136494
0.7403088898051974 0.34626978959350685
0.5472551010412784 0.810491160177336
0.11616941539645242 0.24828687887895218
0.1189614288465003 0.6977162893412195
0.6073971278146848 0.7298615588227847
0.039284326853159635 0.2415193817064778
0.21266364465407983 0.6179758906547724
0.556137556620802 0.42323753247930684
0.4999962129018892 0.5242910756401289
0.11249653345112332 0.08772307229506049
0.7904830496732711 0.7326436173075288
0.5217143582087732 0.36306750907961505
0.5170882789123625 0.5962115249684248
0.38153562184100975 0.8462141284975457
0.569269447425578 0.5779227189946543
0.6829705221751062 0.5955378678900662
0.5293694035897122 0.6397520051806674
0.6159144335521435 0.35818341106027995
0.7751677674744992 0.04185488125908521
0.8444477487126499 0.28969637806051707
0.13892556450688343 0.2132542893091679
0.5051802688944801 0.27728789892028505
0.3139878342748851 0.3212064443335203
0.0527282021494474 0.6557253336833153
0.0993839694548675 0.9917794013549113
0.16778187792783128 0.2420796705850704
0.16282616943519568 0.131512219936341
0.613793093727616 0.17664518574287513
0.9912525495429872 0.3971698543553541
0.6936875241763196 0.3843358672113377
0.639809758885999 0.9176306580856665
0.9966084811820949 0.8403475874881379
0.384707198918525 0.30948992558858746
0.711231720298993 0.10730865365315612
0.4432986828901292 0.9795497561247526
0.836971793132163 0.23737165370003788
0.8790699540741063 0.538992606242458
0.615810553720711 0.5028865239809445
0.7595532641098139 0.03091909989269548
0.9333045717139754 0.6123585480753244
0.48234888104308504 0.30058992062028955
0.3358681234432753 0.6989595426335261
0.6624946582830602 0.956860256883115
0.3032295521630268 0.6502595393442941
0.9835450401683509 0.35784641113720905
0.7103772078562066 0.9491373815266311
0.7349736890019046 0.37154229762040536
0.39801503653588965 0.09655884791294889
0.6938816316834773 0.6713688990912374
0.7996645300372632 0.9129998032404236
0.016528608390186994 0.6780736750420769
0.26810092179058387 0.9717798266120407
0.1708093060407635 0.16707731927717373
0.0665480525479708 0.3630805587459722
0.8311875623278552 0.3031218866335633
0.4327955431122227 0.3554308063573446
0.39872705819008514 0.5234352493194823
0.2950428139872515 0.4802080159227323
0.992369995265367 0.8227835986824272
0.29203851547096926 0.9053377752698365
0.27530939476189487 0.5842769954163103
0.640181234471661 0.9334452535041547
0.37370861830411484 0.8346712160393798
0.7265253828957706 0.826096692265803
0.14633737013622017 0.9842625395409943
0.6697056478390255 0.8825516375131947
0.037660995374260264 0.19602149279629888
0.1653734535614687 0.5671775619714474
0.9309503795100565 0.1458344133241436
0.7087568897600441 0.6021952551461532
0.3855673312060218 0.15530116906362113
0.5652404157104042 0.6213193765650591
0.3198750107943046 0.3416685988042797
0.4506015676934296 0.04767707738488958
0.5344394837314128 0.3588440714107931
0.34698854216999164 0.5494964590127868
0.7798823065015152 0.04536234327904909
0.502647112875139 0.909268953107035
0.34663049668071266 0.9868629432433187
0.6848265049584558 0.8949753918518579
0.7366530783808676 0.2448149842331261
0.20109463414801665 0.41466276284502956
0.001990574036071502 0.6635119962261279
0.36425843830854543 0.42168870904360445
0.6831963210512372 0.45811181205822427
0.7386070842247521 0.28976604548849294
0.8753953393966434 0.3724308946936554
0.9850366032770347 0.8901345876714473
0.9028478685800452 0.334847013670049
0.44651694259082697 0.12077176020386793
0.02221042939555773 0.4046574096723724
0.1820637001953701 0.9209253634114652
0.12967424174402886 0.10000932489355963
0.13948508259896042 0.9687970134882421
0.30035974390792264 0.9014238566899804
0.5807189096791968 0.9131305310496011
0.07478558302914395 0.7791285406084658
0.16366098996111 0.3041792677624454
0.7346647483055423 0.10045897240612567
0.3931230696845186 0.17463887783980936
0.297691828556644 0.37822602771012714
0.8027465898706292 0.8407500920170501
0.32640091565061335 0.5222928840799111
0.18085226602636983 0.8689105347746647
0.018905052949637846 0.8262778010353315
0.44162378132758195 0.6169307354761739
0.910997651389643 0.18664416009737073
0.8456953977163187 0.9093781352650466
0.13514501747681684 0.4301149477726355
0.46052796810336494 0.38222402395126176
0.5836351913703396 0.38840802907807037
0.11885448796845777 0.6441339274189759
0.4923420811762249 0.4885177707295639
0.878516831828099 0.08604074541135598
0.7635936701989917 0.7193960824762425
0.8844692387403352 0.6775396148622777
0.9309401442607244 0.6518006810506234
0.12806943296126982 0.313506298585428
0.09952764349670729 0.8664343005103141
0.2637161671171325 0.02328775725989629
0.36362509204669713 0.4677670855033593
0.5955603902381299 0.8571227388901084
0.5245656155237596 0.7803998859063507
0.5378155496655456 0.6372391692446566
0.7002707714174317 0.915208401462224
0.05991843408426545 0.4475976941452964
0.3229749990101256 0.3270898561097194
0.043002472903826194 0.5159730305920621
0.783922197618739 0.26545588055428004
0.37146145717100454 0.9516640068436427
0.6015584827241495 0.0027268563665207024
0.6063278125477578 0.21570176567311294
0.39179881923555815 0.07194432726345312
0.11515669560594488 0.19808612582118423
0.6714856568050193 0.819008352437135
0.5446810680348182 0.35750904024794894
0.9573921640441688 0.9699569400114959
0.8790395644740211 0.9125565614790542
0.7329144033902049 0.27101889654898337
0.4190500133964312 0.7585367814414078
0.6101366668333165 0.2629530222298906
0.8529657835757337 0.3304524599665951
0.9038639061653488 0.09141142445874073
0.715395574910637 0.026052773866903745
0.3342998398982807 0.09525488024647821
0.42561519148881755 0.7891260451687891
0.6696086131041374 0.3915994137213846
0.18678559149021645 0.7669059777104859
0.8940741413122709 0.8394147573848586
0.9128128847406054 0.2660389466348403
0.5180585818970549 0.14892921237966494
0.7332519645445268 0.3684092663052282
0.02444510766116681 0.22538132800849853
0.08445666754363967 0.7477485171083184
0.8645440654970019 0.9447457261625446
0.8584708801965183 0.7429328635920137
0.7640917444263974 0.1789241889300528
0.6557714573898754 0.6485301877563944
0.3999020060898568 0.21835313645611465
0.07157774002880168 0.9450370606062187
0.7902287998786521 0.48441940621355273
0.9325432508271148 0.7672059457157537
0.5068456345590886 0.1829453781185224
0.6998231351983113 0.013778942232755775
0.787942248343314 0.5332095247977364
0.15177233444275773 0.6890566030360128
0.6319257901656034 0.4229112082950006
0.5876863329149334 0.8806373045958987
0.8395597749186021 0.5258925155273696
0.6181847703591914 0.08485989211052636
0.30979032707508647 0.9305714533358603
0.8870100095114565 0.6802169092073391
0.14019988553549123 0.29653086935736983
0.9893507771861012 0.6605731391276073
0.6241619646306449 0.8833824639970873
0.9851681570559495 0.5967709941503867
0.03657349819545652 0.04142190603684315
0.14258169926426445 0.8701742595897175
0.8012500581558414 0.9000172172562458
0.922207346035551 0.30415742206446617
0.6792382441637221 0.767880666325963
0.06069745713364305 0.7509263751305588
0.21900271359033785 0.871704445526504
0.030265216752477064 0.3253651983928717
0.14436255364752393 0.7429962774218973
0.09432712493260453 0.3450053438666202
0.7375508703450063 0.32964794980234824
0.5416479184537687 0.8579472014414496
0.9297842722797185 0.1394516037311042
0.827742665133922 0.4576057979692806
0.23181133588214642 0.8060136935442611
0.029403699073254685 0.6050367968947898
0.16353370414109292 0.13297835442382666
0.4280743690583372 0.6663646898096921
0.9018206250772416 0.004507020759939029
0.4230653663568711 0.517280127826443
0.13098414199525144 0.18531683887749795
0.4619082302888472 0.5011819602652844
0.8422704029958386 0.17081972578448856
0.15223109236326005 0.9746882282117554
0.4948939063641207 0.24583931316078889
0.3490572869759301 0.31843651919687854
0.09448607874917447 0.24053467407091234
0.9313259701096851 0.5392171816500608
0.3045406464488909 0.20875429233715215
0.0017601376330049767 0.2639709989200598
0.32878253483063824 0.1316787362627274
0.9590560475824877 0.7779349455271904
0.6510419381217954 0.2663636799999155
0.3383516227726605 0.6319366533718138
0.5434746631274048 0.9151356776554369
0.5389740053498449 0.5276931114989575
0.7973572581973355 0.019235549265193663
0.5157839693588593 0.9704258311181354
0.20767445530588913 0.7140691844506236
0.1725992038243731 0.261373057994467
0.051199881460167296 0.9192600428603992
0.9111722157141875 0.8712702102292535
0.6189524765356065 0.9911607027993091
0.1747520598132476 0.5839978550210694
0.16290087498021433 0.8907079567817732
0.36289124283307395 0.3212423488259384
0.44600476342575934 0.7794327786153009
0.26710191624117896 0.716698468231494
0.32959088515215096 0.264913757698775
0.30058981149794994 0.2957627619710018
0.10805143666250216 0.7556377359580384
0.5798631080321791 0.7669908367433446
0.5727107326206777 0.2924159660322916
0.7066619025851629 0.7130871530272659
0.5698223025480028 0.8163194592937794
0.4365491343542248 0.6127444859486165
0.7755483866618275 0.9423753975079213
0.9637365953957199 0.5486333049486251
0.7838509953496194 0.3563499159191056
0.9714440711732243 0.5466812666541635
0.9000478690961075 0.09429585465240486
0.8160506926728125 0.652391343395629
0.7080302674864268 0.6925133849640368
0.84364690918221 0.1321285729677718
0.07122625508610647 0.365061161304858
0.36201809521176687 0.5037798913609985
0.8236828174197367 0.8582568894125234
0.21833036492203184 0.2207026629604254
0.606879560601706 0.9869040853644211
0.7307194253640595 0.38742219184769466
0.006035931979451847 0.7883818379375941
0.23581285122856543 0.5084627283352966
0.5050193821846949 0.23694470240930188
0.16726324747156207 0.922196110096277
0.2973781629718001 0.5594321913742806
0.7572667637407237 0.5333323053148255
0.671659569372311 0.6816366490729195
0.9366396212609874 0.07959686595906945
0.17193655070160718 0.3811400185838484
0.6626531568027559 0.21529809848515657
0.8075240908305056 0.3070565708831906
0.03253489348982053 0.898196458870152
0.987347034513863 0.72425649347998
0.460323157956641 0.8879452811506475
0.9520311276672802 0.3959311367605163
0.8810359482017854 0.44857457122238853
0.7481261562056247 0.7092764157934256
0.7387361985053618 0.996632061697985
0.20771963466889265 0.9873239841999624
0.3755779420555122 0.8049434117141834
0.07024851829015666 0.21972112543875177
0.7959914328316609 0.9529242132710966
0.7631722905973363 0.22636064189445748
0.6597307553153384 0.09949995242690679
0.16762553775329225 0.7187066051139985
0.4209472151315776 0.9063262748840791
0.9018722065668235 0.6523804316620675
0.2481662861019135 0.596777553398764
0.43846999031176825 0.9349249929050825
0.49227856655279945 0.5084903482974502
0.538947081397498 0.9101130878330924
0.35657917520782234 0.6344847252605818
0.21912333990259358 0.9975865980825322
0.34452534733219364 0.2656849885305701
0.24525139060748524 0.2129169572988272
0.5745503984760482 0.7892086672887704
0.5810341401326692 0.3148081195084593
0.632163408407604 0.7474754324976706
0.01951010231573891 0.6449061343571668
0.5077233380371702 0.5877744522388048
0.07841837690491527 0.12176043936151848
0.20649846569866936 0.39109474491976437
0.27774834462731923 0.6070791126372072
0.3100400856288782 0.3159983809458563
0.21401815210554687 0.6989575849881722
0.7670817815814277 0.8458239935365097
0.15992339557950241 0.7827916539661113
0.9958186622050698 0.18449637571941824
0.6528686232635663 0.2906865586634164
0.05916794576998241 0.09785564063716568
0.3243091207574228 0.8839430644538155
0.24882070248799992 0.9032265355319583
0.15743143080181687 0.09034903766318092
0.5511098510577545 0.39286060385182686
0.15842792522915172 0.017894712392873657
0.4117259331280514 0.2149239442957004
0.823093664706659 0.19365621398418742
0.02504629779634393 0.891231111675027
0.7060133967596803 0.7246846396005854
0.2397344136991605 0.050029970385343625
0.3797455184480917 0.5121866319457173
0.47094349579277506 0.7618503550033264
0.2652249950014476 0.9154165287521421
0.47444141478487756 0.7949801890763881
0.887131936582898 0.7290828704100368
0.20470412043132646 0.46105994019735674
0.39847362782735907 0.7829286876877045
0.7132028900213396 0.19393983153697336
0.6213761643716899 0.08065858143355586
0.35205449968635694 0.08558926606202721
0.5396772993608362 0.21364174612186626
0.8830102328040097 0.18654626863965773
0.30180108542840467 0.41324290599655755
0.11765300970656356 0.01412021713440148
0.49089470865587925 0.26225092530098437
0.6096907251547908 0.9969315578703697
0.1509971639313159 0.9072701771996281
0.4275333792279796 0.8886148601371209
0.6297699149432877 0.8881449129335993
0.19382493328405692 0.4153072470712762
0.6348352972343709 0.31013621483609977
0.8723005509294978 0.2710876707922555
0.7187587866738174 0.19214352137122348
0.256587055301465 0.8684171610900844
0.7120201955456038 0.5783790916964198
0.8454468500330727 0.40312490308165627
0.5204512712197106 0.40446533595601053
0.933020357580402 0.4715220946369211
0.6786162641686309 0.05968179597740475
0.04431197913460738 0.7555953308347159
0.6414103329899213 0.8706862283009194
0.6805374106725558 0.5155160001775608
0.3651124084595405 0.3766380972765886
0.1556267721248551 0.2628895969810672
0.2883908877627439 0.5573862507944277
0.8124425902058374 0.4650368403118107
0.7132843156527899 0.125839280647431
0.5894164849512482 0.45084640829920464
0.22528258597711004 0.6014528881321922
0.30164871053506337 0.4245411185793183
0.5923269466651214 0.19414775669190998
0.8386638193780414 0.6081900266287797
0.17903740438321536 0.09794399072233673
0.3543579882427145 0.8760795818457245
0.9878794335062231 0.2060056252244703
0.4808325179197932 0.48743453799135406
0.6605230582528147 0.5479270153035091
0.6988004307896358 0.5389108335015647
0.9352673938812134 0.9638003438318492
0.9474362283890129 0.33162555040509545
0.7076496993429283 0.7877669752416437
0.6662173953450368 0.8822047711983796
0.6198113873519115 0.6797596623239783
0.12241377499492545 0.7189351955696592
0.8087700784039736 0.5409795005433429
0.971726352744351 0.6756970158221121
0.4720329898851545 0.6943891310731846
0.7306737195602421 0.4320515298780606
0.7673495374677709 0.06471405638236527
0.3436774507984559 0.9614304406976306
0.8179270846371696 0.35297150109426223
0.2070748750032203 0.7361923575067587
0.003796979027220204 0.5271690994645177
0.1677658353667686 0.24873569001186702
0.9473017393341954 0.9935316688498246
0.21452425727712332 0.6187731100554275
0.5587394133271706 0.6914962115884606
0.547686181891612 0.07404955553623693
0.6293106496277839 0.9555532457591558
0.28140012471675935 0.7067296649390761
0.4876321106462319 0.3777481456854517
0.267143731249885 0.06094143035269994
0.9548191369100083 0.8488381593935995
0.009415733144225946 0.7962804166846932
0.9929059164920367 0.28362177184404114
0.9806640569978055 0.3093729371170236
0.2069464422635977 0.23889162483489068
0.9852754786801763 0.15508369775091846
0.5996293933034953 0.7192305094103245
0.6409885690718534 0.1993254630757323
0.22299748847897793 0.33387467844227736
0.09981535825332433 0.04640733600360636
0.1417301284592758 0.38221217713033506
0.09066762767005476 0.1901234421273129
0.6424099583488072 0.6992433910857088
0.10066891714533366 0.09369527638262531
0.39373377253458985 0.09966950818681586
0.22909373012289203 0.8333913681108821
0.8401214545015873 0.7763630966119436
0.25113438013675016 0.06791665471578656
0.09200172202328716 0.8093832970668496
0.6130793251551535 0.8858156603584654
0.6730140830118803 0.08663249890104241
0.41151420811072204 0.7174879746933552
0.20992088158132916 0.7178273190352651
0.06153026824626051 0.09474786908319877
0.6909363404427148 0.6061870554509311
0.4637361786005324 0.3102399721828548
0.8489630113246872 0.13350397050998275
0.5614122556671995 0.07673927922227686
0.7992043670507055 0.8904810326136563
0.027108596954536046 0.3365909439036481
0.6306594210149445 0.3126238462041139
0.9981278578736452 0.7907318553125102
0.1072464631351856 0.2660536138940873
0.31515799335807515 0.7389521259909403
0.6981948791893074 0.9696754351813649
0.3362121787609177 0.28470986302488965
0.7433417815233375 0.292762851050278
0.3951709549943685 0.0725368457015263
0.5253090263170567 0.01407206843563591
0.294400320034658 0.2165319053961149
0.4488675626781725 0.12602916942336861
0.9997703748303155 0.5510941953722367
0.8399616458126009 0.219589651716542
0.9402664839805609 0.0974862726759328
0.33820541955121664 0.9804502226363034
0.7731313901309302 0.5805721037848541
0.1310417799599981 0.7193426647024023
0.004946181759568291 0.9706155827640491
0.05208938534151342 0.5458841569999247
0.8817249307848257 0.8073351695428399
0.44576027405926744 0.6354566445307211
0.07922502586989577 0.47666597355355633
0.6759907835382933 0.18456084981763143
0.26158878951255615 0.8314712480061517
0.3824028824789212 0.677606314793885
0.3933706184920246 0.6641967989425154
0.22046543273906993 0.07395284091890941
0.08394353687287426 0.35032118032342785
0.7783753579989238 0.7499635250337351
0.6279357931802733 0.15561960100573136
0.34629901159608223 0.010118074075644357
0.6033212422034735 0.3805006915396907
0.31215127843937696 0.2236554438635857
0.41314437876044885 0.7596496900377945
0.14884007397880405 0.7721411511083702
0.49085491854333907 0.7833367155954206
0.10952194471156884 0.4746269439416456
0.1382464417961916 0.5959982858586926
0.0719525257736977 0.7158339485369196
0.1169592175794183 0.5116271395544011
0.7991326133103298 0.9594085387106887
0.25708531811020074 0.15149049452007257
0.8556676242834023 0.8402682724424969
0.9437691281552059 0.9552421805432836
0.6460319525012251 0.30178603207986954
0.1446728349931009 0.035759431386065854
0.500137312501636 0.6218139487304422
0.5462381681603398 0.13319117381083567
0.46943647017509227 0.8638287030928316
0.8217975285486055 0.4270407711703388
0.6467547887591512 0.48195004416443366
0.6103802783543832 0.44313998327492643
0.1380890525017875 0.4158673104227164
0.18595848757857314 0.34704414299963104
0.5638001098440991 0.8497362828300851
0.528043066559887 0.9785460319712747
0.8268967383980215 0.668835208689591
0.7390815002966283 0.029465816077061446
0.582706562321619 0.19308981086962917
0.6552037115082215 0.5843165794378377
0.10046922932559776 0.10557454876659345
0.4412296872872722 0.17062155033975923
0.9134401275841879 0.19612029771503459
0.6348090784357372 0.486011723005383
0.7283753007435037 0.21819384859449498
0.6527521497865044 0.05676676527837221
0.9273733469899292 0.9207750226643643
0.18247306619293735 0.6330555292675921
0.9071230284196083 0.5412834891403017
0.12412080790715752 0.44310764402860225
0.9329162132955711 0.8628107611794062
0.24423955714048629 0.1339272683971986
0.985153277243247 0.8394086393184976
0.5757723682484753 0.049367718878021494
0.325265178281095 0.9442837303330955
0.15256610221165845 0.7852792489008469
0.758019748180218 0.5528747336114406
0.6977791648993494 0.42646006925712243
0.27146922210570656 0.9027337644919387
0.5188710532014524 0.30149860762724556
0.263956603157409 0.4699867956265117
0.31503969329848314 0.36356156835134135
0.7124337879669292 0.8672757132082066
0.3720298265218469 0.41807660657727297
0.2605392702973369 0.7191969899664079
0.18949203361460953 0.993952549988048
0.13098407902779974 0.9548733079296055
0.477520628580257 0.015706323032729563
0.38874496343691356 0.7206140782542928
0.828891171286293 0.3828377221749225
0.6615113649489849 0.6264469275223957
0.12752482435154466 0.4055301884606545
0.728896270348524 0.38656037829410617
0.600400702218755 0.33153663424089497
0.5749958688033613 0.12019326935586261
0.6013631360075943 0.20948466318822412
0.8111866786742782 0.7568445758380755
0.9482632334917649 0.6174223206976324
0.32253478397762225 0.6604133133309071
0.07155662443946786 0.9985037715396412
0.15153465553676548 0.8207521975187488
0.40139982059027135 0.9673507762972393
0.36837336531890463 0.24329827847172558
0.004282851166002355 0.017705803346277804
0.9525441979779418 0.9596243399865841
0.661966259048428 0.375442947909439
0.7074299763984764 0.550756238064137
0.48785259015068827 0.03892174534354642
0.10735492742069552 0.47172540501303684
0.1941317340426979 0.1092837273883912
0.8764204421011484 0.9913982366782108
0.008926922680516203 0.28874836096370515
0.9621638638693775 0.259542070411661
0.5581136775389653 0.7015834722374151
0.984466078844745 0.6617519840216585
0.32995525795668856 0.4887236037327656
0.1922639420384109 0.9541407212569222
0.11618717183308613 0.6411894633820533
0.8905587928220399 0.7136178941436431
0.461821982327666 0.10169674891811087
0.38700429791230917 0.08774570908946044
0.744240985753705 0.7877785237806925
0.6083791613598539 0.5307594337346658
0.15535436406543734 0.6818694034166357
0.8061606188893073 0.07732194109535084
0.7259770719016967 0.9746427143274435
0.8298192883378974 0.5178244258054939
0.21927188646253737 0.17160265801476804
0.9223451900294449 0.3661663823671193
0.10590221285354495 0.6078840922785935
0.9970979128888955 0.24146342490369765
0.43690601407015484 0.3080741183774447
0.8898429009713917 0.6324321132488405
0.41451433943693194 0.23058291831604194
0.3179268994074518 0.4297394725684769
0.8063247390962822 0.027279249308670872
0.02683319066208567 0.244388171501573
0.6138244772360812 0.21640221558769823
0.7745002320902787 0.32344839147988724
0.7611363557772183 0.0943538454527868
0.48512606199360797 0.6177271730859638
0.9624645937964764 0.13079410215509857
0.38752380396843944 0.4086737749024364
0.2973617908265739 0.9732334095091395
0.5097207582239204 0.9585886657034648
0.1706779001080745 0.45780224426778127
0.818685679776976 0.8486122453097751
0.20173251468260844 0.4082551485925935
0.9977974583472187 0.8567509527839027
0.1275402378631172 0.36000514161498065
0.29413858180956676 0.5953622945703642
0.6804333614485318 0.2509927296645923
0.490922301999994 0.9524473275776161
0.981745509769959 0.8626802338398332
0.1675621625796282 0.07888167214994768
0.6269970237536825 0.31411455643187136
0.7106128360069709 0.6801054937637998
0.056060178192295695 0.46127209622998655
0.9895768079165822 0.017467204764650357
0.22152217636153737 0.09139599905050644
0.9858466927001782 0.33074130382674793
0.9164270883139066 0.25060052129216315
0.08998383735481652 0.3757374322725173
0.8196410930507415 0.6249190773608858
0.8361185089093841 0.7459382590882403
0.05689133466071583 0.499356395201514
0.13947696918824692 0.9427971026109746
0.3128119154464778 0.7600084604557802
0.5536435037042304 0.7044630187365677
0.6582069674249061 0.19305098098733087
0.4800575296723044 0.998004147887819
0.5917130194094791 0.2264363685630869
0.9785592432214091 0.6437182891329097
0.08831068006509313 0.3178633063454501
0.7883736600945576 0.369910078783099
0.610611269064533 0.3501978629290584
0.6760945586116796 0.12927334615611896
0.49418306479053975 0.46119023929117375
0.5881293688249496 0.8428179179343697
0.24044113730076078 0.33833156879251547
0.9254285877297155 0.9168934522864873
0.19124863613563936 0.9693673452895544
0.6782453232594333 0.3682138553193708
0.7544565995306601 0.5765529961403241
0.3170416901127301 0.6306796077667723
0.5546426091134801 0.39421519376256364
0.08894047583241493 0.9946295511385446
0.7016920632067349 0.9720688479314143
0.28093848464354965 0.3843245139240016
0.15873255245595086 0.7937062489068278
0.5352030927282911 0.12879987669152637
0.3495037483428016 0.11290213280182548
0.6198266419819856 0.37226388547007894
0.31520143213593343 0.44736517468557413
0.9181263524434428 0.9275107684508993
0.8248029995782087 0.9688146405076856
0.1971420150179255 0.969254984897972
0.9001040999577095 0.4305292080156845
0.49927892463554635 0.5560884578707559
0.3268636121485802 0.326711403621166
0.8074624157804676 0.7590761241947988
0.8706513572966178 0.7082848198686612
0.43158097486406943 0.39697181779627677
0.27524750622906724 0.3934153761883551
0.8512492130685294 0.1710262121445254
0.22649386360792478 0.2062085513724563
0.23534526739599404 0.38299831298803777
0.2565637501293073 0.19781549375280827
0.2590117356210897 0.0746164319749989
0.034540312190019296 0.02366334460916919
0.25978902528903414 0.6288354329972172
0.6911749684774464 0.5313061957892115
0.9510786188708078 0.21388965610318855
0.9841349691908677 0.6680506750635643
0.7184375881098107 0.1508438939925939
0.5469627759246459 0.11758688342695067
0.40410278006792233 0.31657766693967926
0.013557982574378014 0.5052464991891529
0.6819978020673693 0.2134924637966834
0.4215661905691346 0.9504534704908351
0.6601918713657243 0.3390505880052638
0.7112873556763679 0.23561462197016136
0.4600066481387368 0.1065060326910845
0.5970267767781433 0.926156023494493
0.5676403931379248 0.9445169790810096
0.1520850081405306 0.10102623021773538
0.3887671364859391 0.47108898825514556
0.8843444308379591 0.14223039768692058
0.012385112146098498 0.34295766942518147
0.8696780413872003 0.6339592986666758
0.7846036529806689 0.4139511280968631
0.28452315019332386 0.42268749695590113
0.4249959264783938 0.008575570790726794
0.6941238972635182 0.7754621663348729
0.1386471215623194 0.5048351039410012
0.6639293901489174 0.150102381237031
0.9236996061020948 0.10561498792243851
0.7109807701509857 0.31230280880442274
0.8761244639410274 0.3786367229833695
0.06022255474411997 0.5921563594914409
0.0013745945619927369 0.3238258878229927
0.11529620689470066 0.4009090655011852
0.6258870040132738 0.33872206119561854
0.5251181778435233 0.5988574825386886
0.47107662105445025 0.15654879273550393
0.9863342916197072 0.26636449705649723
0.3896442223305354 0.15585903781025623
0.318435768622363 0.029176717811708275
0.3397262652194747 0.763564928998311
0.03498340362368635 0.5449309064076847
0.7375249960168329 0.46372636265009604
0.3730109866179475 0.9495498808462578
0.2851394539232698 0.9699139238920254
0.6136106464611326 0.5361397778182605
