2.311156170198571391e-01 4.779870351207142765e-01
3.754521901011428908e-01 5.680638048667142614e-01
2.469630215954285724e-01 7.198202610152857339e-01
5.494988299495714434e-01 6.343542005002856810e-01
2.870242832571428745e-03 4.451624495351428346e-01
7.846144662361428379e-01 9.469358587684285622e-01
2.674822043987142850e-01 5.728271865885714575e-02
3.081541560264285384e-01 7.527059155972857241e-01
9.871803274211428114e-01 2.988411340695714125e-01
5.917280409865715018e-01 9.760963045675714600e-01
8.458056006714285632e-03 4.010706341068571712e-01
7.653471978598570535e-01 3.610704414400000006e-01
4.977733899665714445e-01 9.982643502747142739e-01
5.867509177768571726e-01 9.696535254434286433e-01
5.844608304104286223e-01 3.142915901684285584e-01
1.091302966348571407e-01 5.073612224072857613e-01
4.473303989087142885e-01 4.242463182551428624e-01
3.441237949284285391e-01 7.207362959618571763e-01
5.121246041295715035e-01 3.201542138264285575e-01
4.423227412008571280e-01 6.724001852811428703e-01
3.991774952172857382e-01 7.917900733175714523e-01
5.038802896104286333e-01 8.109046692027143122e-01
5.158498129122857101e-01 8.557903815847143214e-01
6.151480011205714415e-01 3.436047084587142697e-01
4.940787156821428439e-01 4.583228182671428286e-02
2.124590386080000004e-01 1.300769624130000135e-01
4.913611453405714591e-01 3.545971278175714114e-01
5.160330198999999937e-03 6.984155777638572093e-01
6.253770580238571242e-01 2.943525628314285769e-01
2.028101371707142775e-01 8.226299165188570850e-01
4.705976865517142449e-01 4.037271354520000077e-01
6.068120831067143062e-01 3.951164069542856955e-02
4.101393800779999932e-01 8.122481871242857032e-01
4.227806623407143194e-01 3.849484190472856615e-01
4.875137985649999894e-01 5.968578366872856478e-01
6.412855315959999913e-01 4.595441981957142791e-02
5.105062757238570947e-01 8.021107337155714001e-01
7.033316319769999936e-01 4.899260239242856918e-01
2.240621479312857045e-01 5.709645821975714020e-01
5.367964786904285690e-01 8.167672928607142557e-01
2.170086788425714119e-01 5.296514061072856716e-01
6.225678841877143599e-01 7.281561790291428693e-01
4.222921103691428257e-01 2.528867142500000331e-01
5.849799168801428362e-01 7.516677426578570742e-01
9.377144403057142974e-02 4.522464531219999584e-01
4.028416350035713966e-01 6.704154428970000579e-01
5.333155458935714410e-01 8.182329487752857400e-01
4.714831869999999703e-01 4.216814204042856895e-02
7.674540782370000702e-01 6.485832766702857022e-01
3.251618715344286037e-01 5.945066803244286602e-01
6.729498062491428012e-01 7.646449044008571949e-01
9.785695989234285408e-01 3.792079333821428699e-01
7.280645755344286041e-01 6.829345871667142909e-01
4.750557232915714190e-01 5.292544576304285542e-01
6.383847542651428508e-01 8.547827431434286138e-01
9.271800384207142809e-01 2.873601627392857183e-01
9.717604058205714379e-01 2.767036228608571458e-01
7.611334371057143500e-01 6.408275141227143257e-01
1.920009248012856939e-01 8.618362122320000207e-01
6.878811758782856778e-01 7.757289272544285463e-01
6.235144536328571241e-02 3.065358276208571264e-01
8.818363085657142386e-02 6.090716359750000253e-01
3.958797694097143105e-01 1.272067195804285622e-01
4.549640234628571367e-02 1.207028714598571417e-01
8.901111575828571931e-01 3.143526591648571622e-01
6.717589608571429300e-04 9.835161876348571530e-01
5.336208908757142932e-01 9.818367902328570818e-01
4.470250539265714362e-01 1.078478477095714400e-01
3.386275852485714360e-02 9.059585621585714010e-02
3.015587044111428527e-01 1.399090708395714089e-01
2.440317097664286006e-01 5.707508407100000403e-01
8.531338802395714849e-01 6.518810024779999601e-01
8.954852292694285287e-01 4.569793003459999836e-01
9.494702221207141912e-01 4.227501278424285469e-01
9.538977243624285896e-01 4.121241224621428612e-01
7.557288309214285627e-02 3.834216941362857400e-01
7.336523887085715234e-01 2.006727222954285683e-01
2.394210005354285575e-01 9.854398610227143029e-01
6.553619352749999738e-01 4.008263581211428117e-01
4.041546184270000119e-01 6.476977762219999768e-01
7.512402596827142398e-01 3.051007062045714702e-01
9.673939725751428131e-01 1.909932863599999864e-01
1.898024409294285786e-01 7.445226700745715132e-01
6.429649289979999516e-01 4.323684947814285945e-02
5.682470118557142458e-02 9.385999407547143125e-01
3.410703451071428471e-02 9.893177423000000872e-03
7.645227664079999874e-01 3.606124239667142795e-01
9.117601168199999939e-02 6.122166892914285286e-02
5.707508407100000403e-01 2.084284848431428305e-01
8.946607978171428055e-02 9.121265307987143078e-01
9.504473260637141818e-01 6.989651987317142545e-01
8.060496839858571905e-01 5.160330199015714658e-01
4.971016310057142507e-01 7.427822036760001190e-01
6.223846771984286042e-01 1.847642487232857011e-01
6.494993116168571445e-01 3.710246878594285480e-01
5.301399580787142796e-01 9.662031271447142355e-01
2.618943912245714212e-01 1.207334059580000146e-01
5.062619804714285632e-01 1.110234355244285598e-01
9.437602709537141754e-01 4.799717775048570889e-01
5.393919110391428573e-01 3.776506739728571760e-01
9.657756441695714011e-01 7.383241669357142045e-02
7.768587036884285757e-01 9.887681213285713921e-01
7.825991893537141975e-01 2.417416223999999947e-01
3.763987595459999946e-01 2.771616403341428669e-01
1.127333674247142925e-01 5.931326279045714411e-01
6.844002430812857751e-01 5.929188864169999684e-01
3.508719190348571493e-01 2.426271228484285780e-01
3.050091027098571494e-01 7.501410177468570417e-01
4.784755870928571880e-02 3.409787416118571501e-01
5.193918147057142720e-01 1.660160668168571552e-01
9.379587162920000054e-01 2.418332258942857207e-02
1.324281187758571399e-01 6.204915383088571712e-01
6.066899451138572097e-01 5.789340862328571508e-02
2.626272191818571633e-01 7.578357112979999810e-01
7.035148389657143453e-02 6.919422641414285646e-01
6.094075154552857088e-01 3.766430355317142986e-01
1.805504879691428588e-01 6.432702739802856895e-01
4.282463375218570900e-01 6.311175436889999713e-01
7.147820688091428565e-01 3.459558648214285798e-02
7.352707171141428244e-01 7.196981230224285264e-01
2.871158867535714698e-01 9.079127700445714932e-01
5.983845615982856803e-01 8.779889617898570808e-01
9.442488229251428944e-01 3.102305019057143010e-02
1.324281187758571399e-01 2.054666385158571695e-01
7.743548748342857224e-02 9.110272888628572208e-01
2.856502308390000411e-01 8.093779442917142797e-01
3.168870225170000166e-01 2.809784526114285641e-01
1.249471667122857149e-01 5.498957784264285609e-01
1.495579722768571318e-01 2.544439736591428414e-01
2.941388213438571597e-01 5.761249123965713759e-01


