0.633151323879597 0.7882058443441413
0.8554271217382089 0.0364506171852943
0.7711405038173473 0.21273744377250714
0.15978289225794662 0.8176402052494468
0.2795505638963336 0.583740033610566
0.025419957154571793 0.7378300066724608
0.6556876976509902 0.8110877770253797
0.8248008877696464 0.560748392026417
0.1573575791983739 0.14835119021884957
0.9888839011153353 0.004067597941155299
0.9434038756502495 0.008878558119449376
0.16059601134442325 0.2134711311433124
0.4152698927586417 0.8037920147957094
0.6754536907865424 0.3206428078360237
0.853716448937344 0.915817732990499
0.4269926119972699 0.06601164643791335
0.782296866680574 0.30075652837459144
0.9089235960156319 0.9915909508192987
0.9862464953612768 0.17372707110850882
0.22126239912043444 0.6900879043456367
0.9503919932780807 0.19382663020306867
0.45656705095459027 0.40652129921833524
0.13123647904784863 0.7649226236176945
0.17167461985245924 0.5864111995620447
0.5291199666187164 0.4002785222760429
0.05664816962069752 0.7911277705374116
0.3385905475041123 0.6329538128075498
0.2586042758699548 0.4032462881455283
0.0841002920578634 0.4332075319371951
0.5120735104091974 0.5165844196169548
0.48675706495921733 0.020825919146670646
0.7393535742315347 0.40965138130315926
0.7999166926160673 0.852676556165311
0.5966417558991209 0.6823470694629156
0.7923990541854287 0.06528630276293834
0.7910613733327535 0.7219046248391493
0.8174468760630914 0.16569413761353757
0.5823761239862688 0.053726950092939485
0.9619874450606765 0.20184263457199536
0.4223387207926921 0.315367617237051
0.8335657929472018 0.7653683039528603
0.15557487173676177 0.0664345290606504
0.7532880985578918 0.10594628793964922
0.4084692130611133 0.2889120247072636
0.4642185324567598 0.12942956433413955
0.9765286267272435 0.602660079061631
0.9357496438998044 0.3150559769109109
0.5130954838610665 0.7606460113830312
0.5754139158421262 0.7201045343638142
0.8851696881825618 0.3823119437553849
0.21482358492441045 0.9406307538196257
0.7005164386292883 0.6698867056371599
0.22541263431236702 0.7473625298268868
0.7328874442278325 0.7016846918755102
0.06016177698889347 0.08592423040163966
0.06676711665167767 0.7306161072202009
0.43969909639206795 0.8660210414308372
0.7094156977830995 0.5944966728676829
0.3002449083988634 0.5977980087676039
0.718163352066372 0.19225739603454417
0.4659614986741184 0.1958706360600745
0.5190380701693446 0.1300417347936318
0.0468694637386432 0.39985277236584604
0.27808159109957353 0.38568088522543476
0.7207422731084278 0.2922370215803193
0.17899937868086246 0.7113661294277046
0.7804458135941136 0.7951276317623176
0.2724721036134211 0.335728705195396
0.09266714354361394 0.8122306376144485
0.3853248642546112 0.6068809245553002
0.5152178866424177 0.9741922199328893
0.9253702807646279 0.5847706954754596
0.859850518089917 0.41989263111433106
0.3750651409481076 0.09439159117232832
0.8995171582495195 0.3820516239859696
0.8565076149130588 0.602544973831853
0.14182994856786002 0.24514395736749806
0.9803573295679558 0.39423367908111573
0.6410351966051029 0.33096456844394706
0.38010665768435703 0.6598396083430227
0.2198092392028318 0.8943960928136035
0.5808144325294536 0.39113345275652234
0.7829861328129064 0.8311021132937326
0.27224752240572003 0.04713462637629362
0.3795382660177691 0.20666280908119972
0.9550391700541275 0.6867412482931731
0.37084431821382446 0.993107548398037
0.10583489418064218 0.807896574522592
0.712955540368901 0.29003291628986005
0.6911172005948613 0.3899352952604497
0.533617803724487 0.8453531371093121
0.9119425731382479 0.6027762479635971
0.3360190040877582 0.5810585996694717
0.23508972794363703 0.6916523375035255
0.2727177698635084 0.19120168045686492
0.9921821418135842 0.8597816870924448
0.21781814542394295 0.9830480868945662
0.2445263055037451 0.5281706780952978
0.38777503133142965 0.5914115772020908
0.9749432246972108 0.39329934647911846
0.10512605707049427 0.24918731278160666
0.7086385013989018 0.020765135975399973
0.964020216357425 0.311551595292231
0.5498447841542486 0.9391654514848339
0.7695237987528976 0.40621500729503324
0.7581247042116855 0.45360921664468
0.0417297462546008 0.8783557783407526
0.7730979819062153 0.6041969987196723
0.41136599226431747 0.2606768102857595
0.2716540877433674 0.05131296891268977
0.41941334823816656 0.17339129246784224
0.8586312277384495 0.30046906900724746
0.8817067651393692 0.06794595703150963
0.21272416529175464 0.7895873229357039
0.7941493777321611 0.8005587582734501
0.5747871408783364 0.6801369946193959
0.7583326837835962 0.21740784581711026
0.7048157891017717 0.9263326129209348
0.5392980925516989 0.369452554941301
0.9894192811050375 0.6297202898577298
0.12127750411617533 0.5539652256380391
0.4529039275925192 0.7090562379708681
0.39220232668379806 0.39309703091014214
0.08491344062860051 0.5726372276217823
0.7354965833307977 0.17192073543732156
0.10265789685611404 0.19475356959210843
0.21230228413239582 0.4188686672811912
0.7684272885632608 0.7605826465845031
0.34472636468535034 0.31510011867439947
0.034291852166089876 0.19129961112251015
0.4835683554481154 0.01804801675066159
0.7716135726231358 0.8925088562990486
0.09161345301975432 0.135303423755329
0.19716691646204065 0.20177805554764194
0.2452000242167327 0.09972962553371922
0.5943949843763213 0.5354765679139334
0.11366370403467374 0.12917943559446798
0.4418441622399437 0.944815235404875
0.9089721816868898 0.41792037609835253
0.4573821305157496 0.0707373172052963
0.05169563180880865 0.1301199612682028
0.8336758106380514 0.6758610313825693
0.9756395328455404 0.551685230270009
0.326657931458353 0.6278592673983716
0.5208103350298167 0.8012808509809719
0.4546761533714362 0.6503590737162165
0.30265065292467996 0.534375270366068
0.43298381686327103 0.12072317740331573
0.2618584813561905 0.4739611587333127
0.3006287118062738 0.035384116914180974
0.9989057786203842 0.25033702775320843
0.4047586387453991 0.2609106531813834
0.5578185525324297 0.0917753708017548
0.043466646018916255 0.868083013448892
0.21736349810957123 0.8170339532987888
0.16651277159977684 0.8272175447287871
0.7057558543844047 0.5254160433796052
0.4505957287601037 0.5070204277715779
0.6347190039660162 0.8634261800982439
0.03929832324849569 0.40912946392365235
0.8249301967527587 0.9109023151018106
0.7850719464259464 0.04412974022483629
0.8356500353000093 0.007545388710341383
0.22148584005695904 0.3712646810854544
0.9361663993736696 0.2092622523167904
0.6117568104074389 0.5508679750587981
0.995731962593626 0.5168722093685076
0.29798156158690925 0.7017081002744442
0.44306066445444736 0.5002029574516761
0.20451497537617214 0.5250795771069284
0.6567232474080141 0.4899329901085223
0.15965619430630862 0.6332525581607724
0.7337547186521917 0.22079091997659728
0.3434312915662391 0.8092280027545722
0.6295038180443359 0.730602713523756
0.5793204340309303 0.41128689536283924
0.4359862202424728 0.7239199324125855
0.6541047106544454 0.631197400279216
0.4386715067009457 0.8620352712988277
0.6336209438983853 0.6115435925393948
0.37797859562554137 0.592008421408867
0.6473468685765106 0.9226396694708309
0.28286745064758645 0.3946482287564128
0.2255929694683565 0.6954629029471677
0.2434776438689461 0.8113440704438274
0.5379407624138189 0.18509700437606402
0.44547829766985136 0.15755373488574353
0.11958051623402832 0.6493185204650462
0.7215638543070922 0.21016666762185277
0.9447444965786016 0.9627568374447572
0.743792468966168 0.6818344078466921
0.5288406783291992 0.8641848764884146
0.990918837236941 0.012933941301093266
0.3694343178825694 0.831906831516199
0.14755518917891086 0.1400414454288359
0.006527294925694371 0.5509171915719709
0.8567077735070661 0.48395195413601977
0.19726114143535278 0.46004945277252385
0.39476507411026873 0.21238933007410143
0.840018449914318 0.9280304415934671
0.27002750400631415 0.8012933783526834
0.15675988901267723 0.4536797618115125
0.9259787503036754 0.8408049343948829
0.5387281083272955 0.1366163493933441
0.8394638627280019 0.26533324696281835
0.5850822396381397 0.7802489141895707
0.427951846657064 0.5188583149139758
0.9587943059465693 0.5340907421913328
0.5656116895522642 0.9063780557108252
0.8645035201626541 0.35316989431416823
0.38267637275023025 0.844319597155963
0.4027171177924542 0.5716368241630433
0.7732709822211065 0.30658904157965006
0.03794558172345308 0.607014318896927
0.8525650345983893 0.3832974943338727
0.5964304758197364 0.28423993923078106
0.010821523867497795 0.1547404014711784
0.9863073046019618 0.454653836171231
0.739941222526223 0.3101813514425966
0.08095302396532778 0.33290210595245884
0.8492489639223231 0.30774615130926675
0.5072629642128106 0.9383874223032369
0.7189359693707111 0.9473418295427993
0.14782714368395566 0.5636678536697343
0.12846084145821435 0.9381059710976983
0.30986930965978976 0.185609339697973
0.15822045361399306 0.9436982591617642
0.46372764633401986 0.3523265209124089
0.13311214400191784 0.5380483530673549
0.8304432942913859 0.5871073515656601
0.5313400493801804 0.9587125957106568
0.3271199127415567 0.13685377593347126
0.4838858890709353 0.11171364782118942
0.3943681777529757 0.286732757339461
0.7645455686752507 0.19766760240087933
0.23044345596786997 0.46076825577812675
0.8592174623833263 0.24296289161486262
0.7936755206129477 0.6187812546813968
0.9122659076086123 0.5928277124316076
0.0379322989649723 0.1529427204009821
0.042982627731891765 0.6533519879878212
0.06471594315902274 0.033625737374032405
0.0076873598426818734 0.09364283368438886
0.35983358976324875 0.31299751291871747
0.9392315097376807 0.37472514383169897
0.045930278989880446 0.36449081888045176
0.6879236250484232 0.45163110877071466
0.5814189592691459 0.022635214805001747
0.469143275505558 0.8446328283568687
0.29249278655931366 0.7300954047746885
0.9264040097492525 0.7198202915124372
0.6701076306256196 0.37826051053709286
0.7719330761374739 0.9076275765646417
0.31105534581644445 0.7737376480036238
0.6292818585082488 0.8010662860447015
0.8844548838756162 0.9716599412662748
0.5947258137142873 0.951363760193641
0.9818371292420666 0.7530675896016001
0.6690894895897468 0.0029175508168362008
0.5046535819972132 0.18411327301230174
0.18751161984778264 0.4249996603158914
0.739175158281096 0.970681028833336
0.6052293562261617 0.9214062432939402
0.8719281903432695 0.1109378826323606
0.8496397496613405 0.42930761700294606
0.28361041882036664 0.45153607339016544
0.9543905105705405 0.9818407830495917
0.6528922431966605 0.1430503840687808
0.7423361233560165 0.6263606814214454
0.8398723076124002 0.6825104258830347
0.4299293291566073 0.9450524847454974
0.4954244045728109 0.3337531536486834
0.9957966013884909 0.13776103693717434
0.67898795797004 0.8358008643084255
0.7178548659377365 0.7103018339195295
0.38927672899113863 0.6929178236500785
0.8417706652538863 0.5461472816495919
0.04195104867891997 0.45612717460285745
0.37781549338613574 0.6108934183038534
0.7433677948915629 0.6436147012233403
0.7581772995397261 0.610206652700902
0.005018415187913017 0.9751350561494965
0.060065771388669975 0.35732675918796264
0.2528321400121408 0.7480247013997803
0.027339006252164344 0.524939548937992
0.5328951951709274 0.020370828256849216
0.09739680441690812 0.8602813880851403
0.03130862014604041 0.7675122581494245
0.9230466842818242 0.44815728885583284
0.5549472898721232 0.16393723531202198
0.29415576158064505 0.8197224173773185
0.190303902525905 0.7012318190853247
0.4977765838145397 0.29446952596172293
0.07488999798408946 0.9805689901211974
0.250078997065759 0.7250426839114411
0.24216607556798608 0.555808366230455
0.5350088738448898 0.4139417364886204
0.28273118138677455 0.05600448419470838
0.6053958150768725 0.6640016252955321
0.6303774210610449 0.6149075732628423
0.7580921120801173 0.48877885966624623
0.17475200752818176 0.9072934797016426
0.9922785011963705 0.09998677096451392
0.808686625622671 0.4286770647791407
0.04866458811553154 0.9792947138876663
0.9965078378721142 0.5337447443688984
0.41654658622239105 0.7488777594924249
0.5988721144605846 0.1363318248135983
0.7107846580838647 0.7073516622999363
0.4344689384821214 0.5445604776186093
0.21624864440771097 0.46279228249374527
0.866328034270087 0.4209264757122443
0.6641496085773178 0.33269666433731127
0.17414813137246377 0.6428101434378729
0.633403065516665 0.3140259035931334
0.14522002877697848 0.3487419825651542
0.5504002615548853 0.9298002153380744
0.8301947833844245 0.9698877896156562
0.690476223222013 0.36764640675580007
0.1473504974095745 0.3552542636406054
0.14261377311775558 0.9455377755758217
0.9580580324217106 0.7728475625628093
0.5363126050133735 0.9703469222016192
0.5423641300505558 0.912390585379642
0.11007989300763188 0.9334296038959086
0.4826589830372755 0.22901467820336208
0.170029847422851 0.9782671393248465
0.35615084474005987 0.2983663372021038
0.7921965478231169 0.6131575751227653
0.5560567355338367 0.8221036476221468
0.35526355364206563 0.3496388880798802
0.478657377763982 0.15867001466077846
0.05707845863765282 0.9385041091777907
3.310640886899918e-05 0.5059936951949077
0.11295401582616871 0.6752029013295833
0.4995247095377069 0.9495650792535804
0.11691582643889797 0.8438842087259635
0.5796360924922138 0.8699272109119103
0.5983264836156429 0.8862495708233127
0.4478456870895877 0.8289028359434937
0.6082667760696241 0.48248010012042764
0.6009914637500756 0.7504933402119421
0.7096862586999972 0.9373127273789773
0.3964408330477155 0.8609717725744359
0.4188195575397846 0.9398759983036526
0.8702685644882577 0.45577243477429763
0.14363335123611765 0.4913890184929709
0.46200761285848635 0.09266606212175188
0.6726131048231212 0.6126491894199166
0.2970915092086991 0.054217488558407134
0.9195023197848999 0.6271301478417705
0.006327704893653419 0.12210857162841948
0.40158363351659543 0.6341046969079556
0.7170345549311524 0.9578974293041159
0.32522559572577925 0.40158332333918245
0.4173309151877489 0.7018468933591638
0.9033980322309536 0.5639358320113181
0.21959295239972598 0.8737858838345377
0.20688377007140935 0.6941909758393878
0.4687573695120151 0.5368320710981832
0.4498350228245708 0.8489843907721729
0.851155995623853 0.48107432682380347
0.8256003583925595 0.9858009311771873
0.48385644545033357 0.3557512370784919
0.9454175851098692 0.973392941918229
0.7385549081054521 0.4269854853558894
0.8203317129340343 0.8628276072681199
0.6873058086210965 0.9900950436764835
0.2820339946139191 0.3211251808096963
0.6004908849617064 0.8276805594737576
0.9570665995262035 0.009593456603320338
0.11689780378332448 0.8350551293101662
0.40866521680314494 0.48692625890746966
0.45613937935078364 0.8972033197277544
0.46595277825516057 0.881912635741488
0.5780136998195027 0.38763528944517145
0.4258450198137801 0.1222824219242371
0.5187461265195209 0.5808282202007895
0.5252371920556547 0.9380220731440964
0.2766580489521495 0.6991500551813937
0.231266898884816 0.2970037505225027
0.8110645989114597 0.07798436071471393
0.6619013270635756 0.044066712810019615
0.3986062258725853 0.1611596845539458
0.2408693869955254 0.9436035456311442
0.40969861916449446 0.6223254816365583
0.4351589168522776 0.07879015387267785
0.5144743626185736 0.0843405381369089
0.8751739221305852 0.32402171480483877
0.13908992009064391 0.75642376096679
0.23768808054537616 0.3783063842643034
0.7707733911428045 0.17621235176919525
0.4575797475374195 0.03149350583776511
0.6587889717688227 0.8674250918237316
0.8500139108432495 0.9725616387183887
0.8334042595472384 0.9891441161249124
0.889633486460388 0.8883114608583367
0.43376792965616573 0.4427924444861875
0.6075432076980258 0.6537315473852839
0.8590413882192331 0.46406798520583925
0.7775701010723597 0.9386311687816115
0.09349757181095697 0.5886918025829898
0.42939722915419554 0.3481668265041957
0.04040063068154909 0.03236808926636725
0.992894387266721 0.4546614825373907
0.4592303687816771 0.848644879034629
0.5593772741090124 0.7126719611632837
0.5234320723857815 0.9030829042506863
0.7295710677380038 0.16508646869670252
0.8211007454268924 0.8963588725100269
0.6850326806752735 0.6291369028507481
0.3383763336025306 0.7080084970714693
0.5977013406354753 0.10407389785898347
0.1384477400013021 0.6800553996806377
0.8541430525634842 0.7729875365336301
0.6218637645581757 0.6380424821333981
0.9922247435152625 0.5338604815491688
0.2906379154041828 0.8089680763813574
0.8517875368052515 0.8312053099356044
0.7339716758024186 0.38785252166671913
0.06271670938697183 0.3448808922667108
0.1790362170771238 0.7798328301141025
0.5880390783293247 0.8292414589623393
0.768987920783507 0.754909737506806
0.8029031340559272 0.9634457725253036
0.5043850440560603 0.7703008161096327
0.27359417573598144 0.26825683112965226
0.6031986964465728 0.2917612873334433
0.5397281929149574 0.5527831349128703
0.5860183194877533 0.41568356123235617
0.4006692993594798 0.7074868114483591
0.7735254256115491 0.9038673768952992
0.13974279671072776 0.8145875254375767
0.3676841461814414 0.7093731280593928
0.6594065073606579 0.21653375514042095
0.8797924937252555 0.3748143487855655
0.6529854049340109 0.10783582463621577
0.9126656541582184 0.5738194804333228
0.4550393176552896 0.5824212218610451
0.314781294889082 0.7375337799276928
0.2868199861353852 0.276824315649124
0.0894723135542762 0.7026860308373004
0.01875543279906622 0.9710765662127664
0.8010668000315261 0.8331189459733085
0.017321471600900695 0.8510667779276688
0.6972255499985321 0.6347015875592908
0.11401909277749034 0.9508484268523663
0.685926757867152 0.6040420469437693
0.4702812828822367 0.3843022848992954
0.2489395968222856 0.890256359591104
0.7559340925334864 0.8832416950666967
0.2918706045807523 0.8087280612356519
0.8963231830838364 0.6417482824781986
0.1345139836552739 0.22219868684952204
0.8162298749966946 0.665809098696162
0.09207781793070735 0.17187495855166157
0.7682010826847672 0.6652978811387201
0.7342766193062418 0.8513239612748054
0.5852168400424088 0.7816566599594335
0.0625669722930382 0.11515268782969601
0.9401500507118548 0.6160327840441397
0.7133318447541724 0.36346283931484935
0.31399809988407024 0.5462083182306192
0.5770153299175823 0.42405918786272645
0.04828263663205146 0.4387556592967473
0.7217409770448757 0.5938198872459267
0.015428069748770423 0.6513237437094419
0.8353877680922501 0.630769656979461
0.12400576617122105 0.9063112711624922
0.8720194826337716 0.2442221801899389
0.9347198858141529 0.4643693933766526
0.302386553535102 0.13895773782909437
0.5660554231648497 0.2814544092290783
0.561619685526859 0.881364327847078
0.591416528033575 0.9033899488421442
0.5543480267255823 0.19972302092901328
0.8279713930258326 0.7697669870694854
0.1570775932459616 0.9628859732345676
0.39607344132159983 0.5918962451404902
0.38742676559781364 0.22514594249671138
0.07073029550647791 0.6046577400195613
0.42660997551172997 0.008116978007059461
0.17555749529903242 0.5323386114095651
0.906958387683642 0.11329163215992843
0.3592113198507144 0.8782348421422805
0.8499727731351203 0.47363756090628617
0.5719668341195724 0.8020728239835134
0.5987982432558485 0.7703280557158522
0.3542290671365521 0.3359694629857025
0.7145376898042824 0.5196591254007441
0.9433063921825398 0.012620744044234855
0.4767155397768752 0.7956721026081901
0.9043579502101967 0.38483783549403394
0.29686407290074057 0.8548162555078689
0.36164641046850177 0.6407043404169751
0.21106571476444158 0.1884590612433642
0.605603259753227 0.3393871978573695
0.7190748331038502 0.26759247130080865
0.9945495003200113 0.4313908270039092
0.21808586601626678 0.7313908585279839
